39805
6866
33772
61628
2361
24425
1591
63530
29020
16483
6228
58208
38853
342
50454
19983
47136
22547
11080
48753
48650
21440
42816
11909
7493
20679
63782
10579
26841
54322
35834
57790
22604
52805
57868
11938
12669
21629
60417
40642
26954
4969
60878
19939
11899
16688
34173
56390
48758
46580
20654
55785
13166
32916
43856
14611
40251
6105
41668
28210
59933
29497
49244
59484
32903
28222
62336
35777
38941
61286
4791
63658
56134
12962
441
15411
46495
10499
7660
15929
54102
14047
43037
61458
45881
22477
14011
9204
5720
14577
64774
43945
28124
38367
50686
10339
57135
49085
48140
64478
55600
57586
33692
22074
40977
15942
20168
6857
23054
24788
38326
39522
35444
63230
12708
8730
9182
5614
4989
29605
23370
56619
32954
10112
44286
56059
11855
6743
26441
48790
12304
42401
63368
13601
12046
59561
57396
21478
53687
41564
64784
50721
35036
32377
45409
29289
54168
39253
1332
21592
32159
54737
7939
32311
52732
20508
4126
17579
13306
16239
35027
26593
54038
24412
51018
4789
43437
2289
20023
62746
44822
27362
38956
52158
41077
24729
55048
53269
44956
47235
46485
53591
32484
58552
12658
56708
55427
5128
48617
12458
8668
12083
35519
42347
25433
46281
44427
43978
50827
38831
1506
12084
1552
10135
38409
10911
34840
22882
6178
36293
50344
5643
19445
43320
26483
17295
41281
31862
228
8814
56948
57757
30436
7715
27119
55851
4693
62928
13542
57187
36429
62984
36973
33782
61500
3065
41027
25518
57416
38684
45238
3327
24089
48963
34560
32857
58239
37857
17035
5525
39653
38048
37784
6501
18176
23893
48430
36785
51785
52806
63257
3068
4959
6023
36292
4926
11871
55756
25158
37532
44507
2517
53907
33018
53175
17584
20780
7739
11763
50164
6806
38595
24767
32918
9804
17528
22795
21275
7721
50329
200
59055
23455
37664
41750
11523
33465
34236
570
6173
49449
4531
50792
51336
16579
48533
65215
3912
23005
63894
57371
13862
12433
7274
21357
62580
59646
46633
33200
27808
38762
23552
38461
3587
43848
36344
54239
26750
19522
14497
46420
62275
2184
28328
47534
44859
12303
26436
14319
32435
17271
13672
56911
16726
17226
28081
34805
56069
20206
30211
47964
34959
38740
11759
17018
27755
63699
13021
61541
23048
47028
10838
19651
17892
35934
12397
47100
46628
60527
1029
53904
20622
59005
36616
57754
35391
58344
31148
25009
18757
47239
7700
31519
23215
59415
14549
3648
16137
24204
27626
16321
26018
49147
10280
59896
19184
16349
60931
62881
33224
50060
27987
8315
53421
10662
48443
7784
46560
30120
21903
47512
46302
29882
19012
49822
18573
11440
29684
22984
40116
4321
7823
43677
53791
61393
48381
22661
30891
49483
13899
2898
44065
46134
8978
11052
21086
61183
49218
34863
62680
37526
15329
29323
37804
30552
6308
28409
16151
25313
49874
61518
50111
50686
42019
15714
61702
26880
24840
18667
1194
23259
51420
54164
18107
25310
65418
48580
29352
38395
41708
12822
59341
21828
3241
64158
58430
17516
15041
17588
321
59947
35250
43164
28856
62056
62325
1889
57204
4244
27254
47201
37077
30852
40911
17703
5594
54035
52306
15382
41872
37526
11438
19618
23756
1928
52905
14688
8023
37009
6135
14502
28584
36806
25341
4754
48683
23190
64351
55039
24573
24602
16164
1443
33134
4832
19093
51824
1179
26103
14404
50866
32858
39273
1195
16480
26028
46644
45447
27432
4724
5717
32960
30172
18737
8094
30138
45489
3428
31114
44630
21210
19857
23512
18256
12980
31755
36611
6601
38369
21013
40383
44656
11245
27339
57542
50639
25997
18285
10705
4355
26970
9035
8330
29451
41098
58541
64077
60670
17574
30769
15469
16128
61433
10077
11782
8523
54191
36768
37717
39935
29544
63356
9766
36364
9709
61802
63187
33758
55491
49821
50263
63787
57273
31819
18852
28553
54767
25466
12307
4191
39376
19364
37672
3521
17650
13736
59149
38442
10894
34172
20845
60313
38610
51010
41454
17258
26033
32451
44195
16770
60575
13498
50152
43913
61098
41506
61459
57345
59716
56617
41167
32101
28882
3028
22015
51026
14869
51133
58040
53112
61429
56140
50412
19865
59196
50490
48469
49636
60187
53674
38479
55140
47214
4755
27276
42326
47745
62014
57246
3746
23970
1048
41213
506
59666
32928
39
13390
38552
2761
21112
19947
18681
58910
26450
41328
18295
14266
1427
57044
10751
48763
40979
52281
17367
15273
35561
42672
26569
35406
44984
11862
40174
49947
41902
38882
64846
19315
48999
14793
27324
63930
27798
8466
27121
40546
55519
8661
23415
61885
1358
3457
31779
47453
14435
40405
53124
42643
63996
15045
1171
6339
22241
62482
60355
21533
27008
295
35870
34304
22699
35549
55037
58919
49268
57354
26166
38124
65127
63120
19128
22019
9757
64533
24661
43396
36620
64320
47820
58975
26071
16651
57016
5717
29436
16682
39516
20413
13468
34189
28035
59917
24995
35648
45111
6702
12223
58157
44278
37112
5170
5972
65454
37686
55032
37260
1643
34163
26952
28610
34395
2292
4436
63343
50987
59524
50855
24225
62077
13815
33195
20742
5485
554
20314
58069
32981
4952
3248
16072
45819
22313
13775
65419
25642
39178
30650
52392
43089
14398
2776
65275
29667
20085
62679
1417
49725
27926
27547
18813
25184
61377
50646
62240
17223
58239
55761
16956
26358
54905
56643
65224
18801
6541
56051
45865
6852
18016
35222
995
12309
20427
46117
12786
17085
14752
50180
2251
42220
28321
14849
36887
25752
51631
45499
32636
16003
61570
13467
55399
20378
56468
17266
9075
8631
4253
51538
38017
13642
20584
42132
1631
43759
62486
13648
5416
35224
31029
22648
8629
7976
33285
58573
16495
42244
26517
31081
53051
8224
9412
40051
63785
3786
6332
35436
57104
65060
48451
64377
35605
26661
25282
45576
40409
2376
42865
5717
42918
11556
10834
388
520
45856
52466
19226
26491
58036
12583
41306
25459
43319
27050
47576
29899
54470
38646
22740
38052
4049
21462
64677
64358
15044
63649
60433
61852
43978
20423
54303
15129
29625
62427
14569
64502
6541
13675
32385
41343
3793
47008
53357
26784
9860
29749
22696
8347
32808
13339
2038
6045
360
53283
14755
4042
46344
28396
8717
19059
15717
2272
45733
17623
13826
31448
15504
37460
37626
31301
65142
15190
10381
37980
9951
23320
57582
43970
62649
4226
19735
61115
